FCI Density
    0.93879324   0.36536995  -0.41050739  -0.48075929   0.07540984   0.43162879   0.07540983  -0.48075927  -0.41050739   0.36536996
    0.36536995   0.93879323   0.36536996  -0.41050737  -0.48075929   0.07540983   0.43162883   0.07540983  -0.48075930  -0.41050737
   -0.41050739   0.36536996   0.93879324   0.36536996  -0.41050740  -0.48075927   0.07540983   0.43162881   0.07540984  -0.48075929
   -0.48075929  -0.41050737   0.36536996   0.93879321   0.36536999  -0.41050739  -0.48075930   0.07540984   0.43162881   0.07540984
    0.07540984  -0.48075929  -0.41050740   0.36536999   0.93879321   0.36536996  -0.41050737  -0.48075929   0.07540984   0.43162880
    0.43162879   0.07540983  -0.48075927  -0.41050739   0.36536996   0.93879324   0.36536995  -0.41050739  -0.48075929   0.07540984
    0.07540983   0.43162883   0.07540983  -0.48075930  -0.41050737   0.36536995   0.93879323   0.36536996  -0.41050737  -0.48075929
   -0.48075927   0.07540983   0.43162881   0.07540984  -0.48075929  -0.41050739   0.36536996   0.93879324   0.36536996  -0.41050740
   -0.41050739  -0.48075930   0.07540984   0.43162881   0.07540984  -0.48075929  -0.41050737   0.36536996   0.93879321   0.36536999
    0.36536996  -0.41050737  -0.48075929   0.07540984   0.43162880   0.07540984  -0.48075929  -0.41050740   0.36536999   0.93879321

HF Density Matrix
    0.88145943   0.40731161  -0.39899826  -0.52560157   0.07585984   0.47176252   0.07585984  -0.52560157  -0.39899826   0.40731161
    0.40731161   0.88145943   0.40731161  -0.39899826  -0.52560157   0.07585984   0.47176252   0.07585984  -0.52560157  -0.39899826
   -0.39899826   0.40731161   0.88145943   0.40731161  -0.39899826  -0.52560157   0.07585984   0.47176252   0.07585984  -0.52560157
   -0.52560157  -0.39899826   0.40731161   0.88145943   0.40731161  -0.39899826  -0.52560157   0.07585984   0.47176252   0.07585984
    0.07585984  -0.52560157  -0.39899826   0.40731161   0.88145943   0.40731161  -0.39899826  -0.52560157   0.07585984   0.47176252
    0.47176252   0.07585984  -0.52560157  -0.39899826   0.40731161   0.88145943   0.40731161  -0.39899826  -0.52560157   0.07585984
    0.07585984   0.47176252   0.07585984  -0.52560157  -0.39899826   0.40731161   0.88145943   0.40731161  -0.39899826  -0.52560157
   -0.52560157   0.07585984   0.47176252   0.07585984  -0.52560157  -0.39899826   0.40731161   0.88145943   0.40731161  -0.39899826
   -0.39899826  -0.52560157   0.07585984   0.47176252   0.07585984  -0.52560157  -0.39899826   0.40731161   0.88145943   0.40731161
    0.40731161  -0.39899826  -0.52560157   0.07585984   0.47176252   0.07585984  -0.52560157  -0.39899826   0.40731161   0.88145943