 #BASIS SET: STO-3G                                                    
 Overlap Matrix S
      0.99999999      0.43343833      0.09862337      0.02207412      0.00722847      0.00479046      0.00722847      0.02207412      0.09862337      0.43343833
      0.43343833      0.99999999      0.43343833      0.09862337      0.02207412      0.00722847      0.00479046      0.00722847      0.02207412      0.09862337
      0.09862337      0.43343833      0.99999999      0.43343833      0.09862337      0.02207412      0.00722847      0.00479046      0.00722847      0.02207412
      0.02207412      0.09862337      0.43343833      0.99999999      0.43343833      0.09862337      0.02207412      0.00722847      0.00479046      0.00722847
      0.00722847      0.02207412      0.09862337      0.43343833      0.99999999      0.43343833      0.09862337      0.02207412      0.00722847      0.00479046
      0.00479046      0.00722847      0.02207412      0.09862337      0.43343833      0.99999999      0.43343833      0.09862337      0.02207412      0.00722847
      0.00722847      0.00479046      0.00722847      0.02207412      0.09862337      0.43343833      0.99999999      0.43343833      0.09862337      0.02207412
      0.02207412      0.00722847      0.00479046      0.00722847      0.02207412      0.09862337      0.43343833      0.99999999      0.43343833      0.09862337
      0.09862337      0.02207412      0.00722847      0.00479046      0.00722847      0.02207412      0.09862337      0.43343833      0.99999999      0.43343833
      0.43343833      0.09862337      0.02207412      0.00722847      0.00479046      0.00722847      0.02207412      0.09862337      0.43343833      0.99999999
 ****************************************
   ************************************  
 Kinetic Matrix
      0.76003188      0.07507175     -0.01109531     -0.00741610     -0.00354501     -0.00260615     -0.00354501     -0.00741610     -0.01109531      0.07507175
      0.07507175      0.76003188      0.07507175     -0.01109531     -0.00741610     -0.00354501     -0.00260615     -0.00354501     -0.00741610     -0.01109531
     -0.01109531      0.07507175      0.76003188      0.07507175     -0.01109531     -0.00741610     -0.00354501     -0.00260615     -0.00354501     -0.00741610
     -0.00741610     -0.01109531      0.07507175      0.76003188      0.07507175     -0.01109531     -0.00741610     -0.00354501     -0.00260615     -0.00354501
     -0.00354501     -0.00741610     -0.01109531      0.07507175      0.76003188      0.07507175     -0.01109531     -0.00741610     -0.00354501     -0.00260615
     -0.00260615     -0.00354501     -0.00741610     -0.01109531      0.07507175      0.76003188      0.07507175     -0.01109531     -0.00741610     -0.00354501
     -0.00354501     -0.00260615     -0.00354501     -0.00741610     -0.01109531      0.07507175      0.76003188      0.07507175     -0.01109531     -0.00741610
     -0.00741610     -0.00354501     -0.00260615     -0.00354501     -0.00741610     -0.01109531      0.07507175      0.76003188      0.07507175     -0.01109531
     -0.01109531     -0.00741610     -0.00354501     -0.00260615     -0.00354501     -0.00741610     -0.01109531      0.07507175      0.76003188      0.07507175
      0.07507175     -0.01109531     -0.00741610     -0.00354501     -0.00260615     -0.00354501     -0.00741610     -0.01109531      0.07507175      0.76003188
 ****************************************
   ************************************  
 Potential Matrix
     -3.48108002     -1.41428387     -0.31375601     -0.06880932     -0.02186390     -0.01425912     -0.02186390     -0.06880932     -0.31375601     -1.41428387
     -1.41428387     -3.48108002     -1.41428387     -0.31375601     -0.06880932     -0.02186390     -0.01425912     -0.02186390     -0.06880932     -0.31375601
     -0.31375601     -1.41428387     -3.48108002     -1.41428387     -0.31375601     -0.06880932     -0.02186390     -0.01425912     -0.02186390     -0.06880932
     -0.06880932     -0.31375601     -1.41428387     -3.48108002     -1.41428387     -0.31375601     -0.06880932     -0.02186390     -0.01425912     -0.02186390
     -0.02186390     -0.06880932     -0.31375601     -1.41428387     -3.48108002     -1.41428387     -0.31375601     -0.06880932     -0.02186390     -0.01425912
     -0.01425912     -0.02186390     -0.06880932     -0.31375601     -1.41428387     -3.48108002     -1.41428387     -0.31375601     -0.06880932     -0.02186390
     -0.02186390     -0.01425912     -0.02186390     -0.06880932     -0.31375601     -1.41428387     -3.48108002     -1.41428387     -0.31375601     -0.06880932
     -0.06880932     -0.02186390     -0.01425912     -0.02186390     -0.06880932     -0.31375601     -1.41428387     -3.48108002     -1.41428387     -0.31375601
     -0.31375601     -0.06880932     -0.02186390     -0.01425912     -0.02186390     -0.06880932     -0.31375601     -1.41428387     -3.48108002     -1.41428387
     -1.41428387     -0.31375601     -0.06880932     -0.02186390     -0.01425912     -0.02186390     -0.06880932     -0.31375601     -1.41428387     -3.48108002
 ****************************************
   ************************************  
 -------------HF SCF iteration--------------
 **********************************************
 Step           0

 Electronic Energy =    0.0000000000000000     

 delta_density =   0.32226451605118600     
 delta_E =    1.0000000000000000     
 *********************************************
 Step           1

 Electronic Energy =   -16.532804826564028     

 delta_density =    2.4695609189563986E-015
 delta_E =    16.532804826564028     
 *********************************************
 Step           2

 Electronic Energy =   -16.532804826564028     

 delta_density =    8.0162846297812786E-016
 delta_E =    0.0000000000000000     
 *********************************************
 Total Energy per Atom =  -0.51655414132801325     
 HF Electronic Energy =   -16.532804826564028     
 HF Total Energy per Atom =  -0.51655414132801325     
 =========================================
 -----------DMET Calculations---------------

 -----------Orbital Localization------------
 P_garnet_natural(n-norbitxn-norbit):
      0.00000000      0.00000000      0.00000000      0.00000000      0.00000000      0.00000000      0.00000000      0.00000000      0.00000000      0.00000000
      0.00000000      1.00000000      0.64721360      0.00000000     -0.24721360      0.00000000      0.20000000     -0.00000000     -0.24721360     -0.00000000
      0.00000000      0.64721360      1.00000000      0.64721360     -0.00000000     -0.24721360     -0.00000000      0.20000000     -0.00000000     -0.24721360
      0.00000000      0.00000000      0.64721360      1.00000000      0.64721360     -0.00000000     -0.24721360      0.00000000      0.20000000      0.00000000
      0.00000000     -0.24721360     -0.00000000      0.64721360      1.00000000      0.64721360     -0.00000000     -0.24721360      0.00000000      0.20000000
      0.00000000      0.00000000     -0.24721360     -0.00000000      0.64721360      1.00000000      0.64721360     -0.00000000     -0.24721360      0.00000000
      0.00000000      0.20000000     -0.00000000     -0.24721360     -0.00000000      0.64721360      1.00000000      0.64721360      0.00000000     -0.24721360
      0.00000000     -0.00000000      0.20000000      0.00000000     -0.24721360     -0.00000000      0.64721360      1.00000000      0.64721360      0.00000000
      0.00000000     -0.24721360     -0.00000000      0.20000000      0.00000000     -0.24721360      0.00000000      0.64721360      1.00000000      0.64721360
      0.00000000      0.00000000     -0.24721360      0.00000000      0.20000000      0.00000000     -0.24721360      0.00000000      0.64721360      1.00000000
 Diagonalized Garnet's Density matrix:
     -0.00000000      0.00000000      0.00000000      0.00000000      0.00000000      0.00000000      0.00000000      0.00000000      0.00000000      0.00000000
      0.00000000     -0.00000000      0.00000000      0.00000000      0.00000000      0.00000000      0.00000000      0.00000000      0.00000000      0.00000000
      0.00000000      0.00000000      0.00000000      0.00000000      0.00000000      0.00000000      0.00000000      0.00000000      0.00000000      0.00000000
      0.00000000      0.00000000      0.00000000      0.00000000      0.00000000      0.00000000      0.00000000      0.00000000      0.00000000      0.00000000
      0.00000000      0.00000000      0.00000000      0.00000000      0.00000000      0.00000000      0.00000000      0.00000000      0.00000000      0.00000000
      0.00000000      0.00000000      0.00000000      0.00000000      0.00000000      1.00000000      0.00000000      0.00000000      0.00000000      0.00000000
      0.00000000      0.00000000      0.00000000      0.00000000      0.00000000      0.00000000      2.00000000      0.00000000      0.00000000      0.00000000
      0.00000000      0.00000000      0.00000000      0.00000000      0.00000000      0.00000000      0.00000000      2.00000000      0.00000000      0.00000000
      0.00000000      0.00000000      0.00000000      0.00000000      0.00000000      0.00000000      0.00000000      0.00000000      2.00000000      0.00000000
      0.00000000      0.00000000      0.00000000      0.00000000      0.00000000      0.00000000      0.00000000      0.00000000      0.00000000      2.00000000
 Natural orbital eigenvectors:
      0.00000000      0.00000000     -0.00000000      0.00000000      0.00000000      0.00000000     -0.00000000      1.00000000     -0.00000000      0.00000000
      0.24621759     -0.27581687     -0.38831577     -0.05540848     -0.64721360      0.08629617      0.35549053      0.00000000      0.39287476      0.04884837
      0.14093626     -0.61418872     -0.31579489      0.05641614     -0.00000000      0.06448768     -0.64825824      0.00000000     -0.23316167     -0.14573343
     -0.05329593     -0.55441125      0.09881708      0.38660783      0.24721360     -0.44522605      0.48969112      0.00000000     -0.15283473      0.08978108
     -0.07043783     -0.07545232      0.23313680      0.65953976      0.00000000      0.64144185     -0.05563803      0.00000000      0.19724397      0.21575814
     -0.00770550      0.33539443     -0.15987370      0.58471497     -0.20000000     -0.36143777     -0.14007485      0.00000000      0.11143910     -0.56331439
     -0.14504110      0.28923724     -0.58705139      0.22511232      0.00000000     -0.15274481     -0.07712256      0.00000000     -0.23150204      0.64585443
     -0.48442811     -0.03530639     -0.47748219     -0.07440664      0.24721360      0.40446624      0.33792425      0.00000000     -0.13938397     -0.41500492
     -0.67389804     -0.18281408      0.03593716     -0.10558868     -0.00000000     -0.24710870     -0.26592815      0.00000000      0.59425353      0.12280983
     -0.44922876     -0.05307780      0.29308226     -0.00602814     -0.64721360      0.00982538      0.00391592      0.00000000     -0.53892894      0.00100089
 Gamma_B:
      0.01303157     -0.01923926     -0.06763520     -0.05527554      0.01311876      0.05302828      0.01311876     -0.05527554     -0.06763520     -0.01923926
     -0.01923926      0.44283120      0.43527826      0.00069746     -0.28153560     -0.08784482      0.22776080      0.15589262     -0.23628761     -0.38559985
     -0.06763520      0.43527826      0.68825871      0.37362849     -0.13295114     -0.25903895      0.02224402      0.21135902      0.01502283     -0.23628761
     -0.05527554      0.00069746      0.37362849      0.62288868      0.39778589     -0.07541366     -0.27377998     -0.05034721      0.21135902      0.15589262
      0.01311876     -0.28153560     -0.13295114      0.39778589      0.69457147      0.39289242     -0.13385958     -0.27377998      0.02224402      0.22776080
      0.05302828     -0.08784482     -0.25903895     -0.07541366      0.39289242      0.64725219      0.39289242     -0.07541366     -0.25903895     -0.08784482
      0.01311876      0.22776080      0.02224402     -0.27377998     -0.13385958      0.39289242      0.69457147      0.39778589     -0.13295114     -0.28153560
     -0.05527554      0.15589262      0.21135902     -0.05034721     -0.27377998     -0.07541366      0.39778589      0.62288868      0.37362849      0.00069746
     -0.06763520     -0.23628761      0.01502283      0.21135902      0.02224402     -0.25903895     -0.13295114      0.37362849      0.68825871      0.43527826
     -0.01923926     -0.38559985     -0.23628761      0.15589262      0.22776080     -0.08784482     -0.28153560      0.00069746      0.43527826      0.44283120
 Trace(Gamma_B*S) =    7.9999999999999973     
 Diagonalized Fock(F_A) Matrix:
       -0.482150        0.000000        0.000000        0.000000        0.000000        0.000000        0.000000        0.000000        0.000000        0.000000
        0.000000        0.234572        0.000000        0.000000        0.000000        0.000000        0.000000        0.000000        0.000000        0.000000
        0.000000        0.000000        0.234572        0.000000        0.000000        0.000000        0.000000        0.000000        0.000000        0.000000
        0.000000        0.000000        0.000000        0.693521        0.000000        0.000000        0.000000        0.000000        0.000000        0.000000
        0.000000        0.000000        0.000000        0.000000        0.693521        0.000000        0.000000        0.000000        0.000000        0.000000
        0.000000        0.000000        0.000000        0.000000        0.000000        0.929534        0.000000        0.000000        0.000000        0.000000
        0.000000        0.000000        0.000000        0.000000        0.000000        0.000000  1999999.372193        0.000000        0.000000        0.000000
        0.000000        0.000000        0.000000        0.000000        0.000000        0.000000        0.000000  1999999.434179        0.000000        0.000000
        0.000000        0.000000        0.000000        0.000000        0.000000        0.000000        0.000000        0.000000  1999999.577730        0.000000
        0.000000        0.000000        0.000000        0.000000        0.000000        0.000000        0.000000        0.000000        0.000000  1999999.687300
 Fock(F_A) Eigen vectors:
       -0.583799        0.560454        0.121950        0.601221       -0.429449        0.581348        0.029086       -0.000000       -0.075298       -0.000000
       -0.354853       -0.289172        0.495339       -0.738822       -0.005958       -0.581348       -0.033346       -0.199729        0.114873       -0.408920
        0.056632       -0.381736       -0.428087        0.594218        0.439089        0.581348       -0.167211       -0.323169        0.384527       -0.252727
        0.189452        0.525098       -0.230767       -0.222643       -0.704503       -0.581348       -0.273513       -0.323169        0.261393        0.252727
       -0.007124        0.057208        0.570708       -0.233975        0.700821        0.581348       -0.311647       -0.199729       -0.207496        0.408920
       -0.153982       -0.560454       -0.121950        0.601221       -0.429449       -0.581348       -0.314913        0.000000       -0.473768       -0.000000
       -0.007124        0.289172       -0.495339       -0.738822       -0.005958        0.581348       -0.311646        0.199729       -0.207496       -0.408920
        0.189452        0.381736        0.428087        0.594218        0.439089       -0.581348       -0.273513        0.323169        0.261393       -0.252727
        0.056632       -0.525098        0.230767       -0.222643       -0.704503        0.581348       -0.167211        0.323169        0.384527        0.252727
       -0.354853       -0.057208       -0.570708       -0.233975        0.700821       -0.581348       -0.033346        0.199729        0.114873        0.408920
 P_A:
      0.68164140      0.41432571     -0.06612283     -0.22120385      0.00831833      0.17978868      0.00831833     -0.22120385     -0.06612283      0.41432571
      0.41432571      0.25184180     -0.04019179     -0.13445551      0.00505617      0.10928191      0.00505617     -0.13445551     -0.04019179      0.25184180
     -0.06612283     -0.04019179      0.00641426      0.02145795     -0.00080692     -0.01744045     -0.00080692      0.02145795      0.00641426     -0.04019179
     -0.22120385     -0.13445551      0.02145795      0.07178429     -0.00269943     -0.05834438     -0.00269943      0.07178429      0.02145795     -0.13445551
      0.00831833      0.00505617     -0.00080692     -0.00269943      0.00010151      0.00219403      0.00010151     -0.00269943     -0.00080692      0.00505617
      0.17978868      0.10928191     -0.01744045     -0.05834438      0.00219403      0.04742078      0.00219403     -0.05834438     -0.01744045      0.10928191
      0.00831833      0.00505617     -0.00080692     -0.00269943      0.00010151      0.00219403      0.00010151     -0.00269943     -0.00080692      0.00505617
     -0.22120385     -0.13445551      0.02145795      0.07178429     -0.00269943     -0.05834438     -0.00269943      0.07178429      0.02145795     -0.13445551
     -0.06612283     -0.04019179      0.00641426      0.02145795     -0.00080692     -0.01744045     -0.00080692      0.02145795      0.00641427     -0.04019179
      0.41432571      0.25184180     -0.04019179     -0.13445551      0.00505617      0.10928191      0.00505617     -0.13445551     -0.04019179      0.25184180

 Gamma_B:
      0.01303157     -0.01923926     -0.06763520     -0.05527554      0.01311876      0.05302828      0.01311876     -0.05527554     -0.06763520     -0.01923926
     -0.01923926      0.44283120      0.43527826      0.00069746     -0.28153560     -0.08784482      0.22776080      0.15589262     -0.23628761     -0.38559985
     -0.06763520      0.43527826      0.68825871      0.37362849     -0.13295114     -0.25903895      0.02224402      0.21135902      0.01502283     -0.23628761
     -0.05527554      0.00069746      0.37362849      0.62288868      0.39778589     -0.07541366     -0.27377998     -0.05034721      0.21135902      0.15589262
      0.01311876     -0.28153560     -0.13295114      0.39778589      0.69457147      0.39289242     -0.13385958     -0.27377998      0.02224402      0.22776080
      0.05302828     -0.08784482     -0.25903895     -0.07541366      0.39289242      0.64725219      0.39289242     -0.07541366     -0.25903895     -0.08784482
      0.01311876      0.22776080      0.02224402     -0.27377998     -0.13385958      0.39289242      0.69457147      0.39778589     -0.13295114     -0.28153560
     -0.05527554      0.15589262      0.21135902     -0.05034721     -0.27377998     -0.07541366      0.39778589      0.62288868      0.37362849      0.00069746
     -0.06763520     -0.23628761      0.01502283      0.21135902      0.02224402     -0.25903895     -0.13295114      0.37362849      0.68825871      0.43527826
     -0.01923926     -0.38559985     -0.23628761      0.15589262      0.22776080     -0.08784482     -0.28153560      0.00069746      0.43527826      0.44283120

 P_A+Gamma_B:
      0.69467297      0.39508646     -0.13375803     -0.27647939      0.02143709      0.23281695      0.02143709     -0.27647939     -0.13375803      0.39508646
      0.39508646      0.69467300      0.39508647     -0.13375805     -0.27647942      0.02143708      0.23281698      0.02143711     -0.27647940     -0.13375805
     -0.13375803      0.39508647      0.69467298      0.39508644     -0.13375806     -0.27647941      0.02143710      0.23281697      0.02143709     -0.27647940
     -0.27647939     -0.13375805      0.39508644      0.69467297      0.39508645     -0.13375805     -0.27647941      0.02143708      0.23281697      0.02143711
      0.02143709     -0.27647942     -0.13375806      0.39508645      0.69467298      0.39508645     -0.13375806     -0.27647941      0.02143710      0.23281698
      0.23281695      0.02143708     -0.27647941     -0.13375805      0.39508645      0.69467297      0.39508645     -0.13375805     -0.27647941      0.02143708
      0.02143709      0.23281698      0.02143710     -0.27647941     -0.13375806      0.39508645      0.69467298      0.39508645     -0.13375806     -0.27647942
     -0.27647939      0.02143711      0.23281697      0.02143708     -0.27647941     -0.13375805      0.39508645      0.69467297      0.39508644     -0.13375805
     -0.13375803     -0.27647940      0.02143709      0.23281697      0.02143710     -0.27647941     -0.13375806      0.39508644      0.69467298      0.39508647
      0.39508646     -0.13375805     -0.27647940      0.02143711      0.23281698      0.02143708     -0.27647942     -0.13375805      0.39508647      0.69467300

 P_HF:
      0.69467298      0.39508645     -0.13375806     -0.27647942      0.02143710      0.23281698      0.02143710     -0.27647942     -0.13375806      0.39508645
      0.39508645      0.69467298      0.39508645     -0.13375806     -0.27647942      0.02143710      0.23281698      0.02143710     -0.27647942     -0.13375806
     -0.13375806      0.39508645      0.69467298      0.39508645     -0.13375806     -0.27647942      0.02143710      0.23281698      0.02143710     -0.27647942
     -0.27647942     -0.13375806      0.39508645      0.69467298      0.39508645     -0.13375806     -0.27647942      0.02143710      0.23281698      0.02143710
      0.02143710     -0.27647942     -0.13375806      0.39508645      0.69467298      0.39508645     -0.13375806     -0.27647942      0.02143710      0.23281698
      0.23281698      0.02143710     -0.27647942     -0.13375806      0.39508645      0.69467298      0.39508645     -0.13375806     -0.27647942      0.02143710
      0.02143710      0.23281698      0.02143710     -0.27647942     -0.13375806      0.39508645      0.69467298      0.39508645     -0.13375806     -0.27647942
     -0.27647942      0.02143710      0.23281698      0.02143710     -0.27647942     -0.13375806      0.39508645      0.69467298      0.39508645     -0.13375806
     -0.13375806     -0.27647942      0.02143710      0.23281698      0.02143710     -0.27647942     -0.13375806      0.39508645      0.69467298      0.39508645
      0.39508645     -0.13375806     -0.27647942      0.02143710      0.23281698      0.02143710     -0.27647942     -0.13375806      0.39508645      0.69467298
 ======================================
 ------------CI Calculations-------------
 Eigenvalues of FCI Hamiltonian: 
  -5.1483445031120976     
  -4.9052683223506737     
  -4.5709495109036320     

 Eigenvectors of FCI Hamiltonian:
      0.99332792     -0.00780027      0.11505998
     -0.00454489     -0.99958266     -0.02852813
     -0.11523449     -0.02781486      0.99294881
 ****************************************
   ************************************  
 Eigenvectors of FCI Hamiltonian:
      0.99332792     -0.00780027      0.11505998
     -0.00454489     -0.99958266     -0.02852813
     -0.11523449     -0.02781486      0.99294881
 ----------------------------------------
 Slater coefficients:
      0.99332792     -0.00454489
     -0.00454489     -0.11523449
 ****************************************
   ************************************  
 CI Vector:
      0.99332792
     -0.00454489
     -0.11523449
 ****************************************
   ************************************  
 FCI Density matrix MO basis on fragment A:
      1.97342137     -0.00564390      0.00000000      0.00000000      0.00000000      0.00000000      0.00000000      0.00000000      0.00000000      0.00000000
     -0.00564390      0.02657863      0.00000000      0.00000000      0.00000000      0.00000000      0.00000000      0.00000000      0.00000000      0.00000000
      0.00000000      0.00000000      0.00000000      0.00000000      0.00000000      0.00000000      0.00000000      0.00000000      0.00000000      0.00000000
      0.00000000      0.00000000      0.00000000      0.00000000      0.00000000      0.00000000      0.00000000      0.00000000      0.00000000      0.00000000
      0.00000000      0.00000000      0.00000000      0.00000000      0.00000000      0.00000000      0.00000000      0.00000000      0.00000000      0.00000000
      0.00000000      0.00000000      0.00000000      0.00000000      0.00000000      0.00000000      0.00000000      0.00000000      0.00000000      0.00000000
      0.00000000      0.00000000      0.00000000      0.00000000      0.00000000      0.00000000      0.00000000      0.00000000      0.00000000      0.00000000
      0.00000000      0.00000000      0.00000000      0.00000000      0.00000000      0.00000000      0.00000000      0.00000000      0.00000000      0.00000000
      0.00000000      0.00000000      0.00000000      0.00000000      0.00000000      0.00000000      0.00000000      0.00000000      0.00000000      0.00000000
      0.00000000      0.00000000      0.00000000      0.00000000      0.00000000      0.00000000      0.00000000      0.00000000      0.00000000      0.00000000
 ****************************************
   ************************************  
 Orthogonalized AO FCI Density matrix:
      0.99527401      0.63622278     -0.00464476     -0.23797022      0.00069608      0.19087152      0.00351851     -0.23971458     -0.00638912      0.63904521
      0.63622278      0.41350518      0.00101490     -0.15904725     -0.00015210      0.12903254     -0.00076879     -0.15866612      0.00139604      0.41288849
     -0.00464476      0.00101490      0.00235461     -0.00294525     -0.00035287      0.00321941     -0.00178366     -0.00206097      0.00323889     -0.00041588
     -0.23797022     -0.15904725     -0.00294525      0.06394976      0.00044138     -0.05278297      0.00223107      0.06284368     -0.00405133     -0.15725757
      0.00069608     -0.00015210     -0.00035287      0.00044138      0.00005288     -0.00048247      0.00026730      0.00030886     -0.00048539      0.00006233
      0.19087152      0.12903254      0.00321941     -0.05278297     -0.00048247      0.04384626     -0.00243875     -0.05157392      0.00442846      0.12707626
      0.00351851     -0.00076879     -0.00178366      0.00223107      0.00026730     -0.00243875      0.00135115      0.00156121     -0.00245351      0.00031506
     -0.23971458     -0.15866612     -0.00206097      0.06284368      0.00030886     -0.05157392      0.00156121      0.06206968     -0.00283497     -0.15741377
     -0.00638912      0.00139604      0.00323889     -0.00405133     -0.00048539      0.00442846     -0.00245351     -0.00283497      0.00445525     -0.00057208
      0.63904521      0.41288849     -0.00041588     -0.15725757      0.00006233      0.12707626      0.00031506     -0.15741377     -0.00057208      0.41314122
 ****************************************
   ************************************  
 Non-orthogonalized total HF Density Matrix:
      0.69467298      0.39508645     -0.13375806     -0.27647942      0.02143710      0.23281698      0.02143710     -0.27647942     -0.13375806      0.39508645
      0.39508645      0.69467298      0.39508645     -0.13375806     -0.27647942      0.02143710      0.23281698      0.02143710     -0.27647942     -0.13375806
     -0.13375806      0.39508645      0.69467298      0.39508645     -0.13375806     -0.27647942      0.02143710      0.23281698      0.02143710     -0.27647942
     -0.27647942     -0.13375806      0.39508645      0.69467298      0.39508645     -0.13375806     -0.27647942      0.02143710      0.23281698      0.02143710
      0.02143710     -0.27647942     -0.13375806      0.39508645      0.69467298      0.39508645     -0.13375806     -0.27647942      0.02143710      0.23281698
      0.23281698      0.02143710     -0.27647942     -0.13375806      0.39508645      0.69467298      0.39508645     -0.13375806     -0.27647942      0.02143710
      0.02143710      0.23281698      0.02143710     -0.27647942     -0.13375806      0.39508645      0.69467298      0.39508645     -0.13375806     -0.27647942
     -0.27647942      0.02143710      0.23281698      0.02143710     -0.27647942     -0.13375806      0.39508645      0.69467298      0.39508645     -0.13375806
     -0.13375806     -0.27647942      0.02143710      0.23281698      0.02143710     -0.27647942     -0.13375806      0.39508645      0.69467298      0.39508645
      0.39508645     -0.13375806     -0.27647942      0.02143710      0.23281698      0.02143710     -0.27647942     -0.13375806      0.39508645      0.69467298
 ****************************************
   ************************************  
 H_t Matrix
     -5.14068570      0.00000000      0.06601935
      0.00000000     -4.90500126     -0.00959755
      0.06601935     -0.00959755     -4.57887538
 Eigenvalues of FCI Hamiltonian on fragment A: 
     -5.14834450
     -4.90526832
     -4.57094951

 HF Orbital Energies
     -0.65370566
     -0.56582119
     -0.56582119
     -0.31270044
     -0.31270044
      0.23457196
      0.23457196
      0.69352140
      0.69352140
      0.92953417
 =========================================
 High-level Density matrix
      0.99527401      0.63622278     -0.00464476     -0.23797022      0.00069608      0.19087152      0.00351851     -0.23971458     -0.00638912      0.63904521
      0.63622278      0.41350518      0.00101490     -0.15904725     -0.00015210      0.12903254     -0.00076879     -0.15866612      0.00139604      0.41288849
     -0.00464476      0.00101490      0.00235461     -0.00294525     -0.00035287      0.00321941     -0.00178366     -0.00206097      0.00323889     -0.00041588
     -0.23797022     -0.15904725     -0.00294525      0.06394976      0.00044138     -0.05278297      0.00223107      0.06284368     -0.00405133     -0.15725757
      0.00069608     -0.00015210     -0.00035287      0.00044138      0.00005288     -0.00048247      0.00026730      0.00030886     -0.00048539      0.00006233
      0.19087152      0.12903254      0.00321941     -0.05278297     -0.00048247      0.04384626     -0.00243875     -0.05157392      0.00442846      0.12707626
      0.00351851     -0.00076879     -0.00178366      0.00223107      0.00026730     -0.00243875      0.00135115      0.00156121     -0.00245351      0.00031506
     -0.23971458     -0.15866612     -0.00206097      0.06284368      0.00030886     -0.05157392      0.00156121      0.06206968     -0.00283497     -0.15741377
     -0.00638912      0.00139604      0.00323889     -0.00405133     -0.00048539      0.00442846     -0.00245351     -0.00283497      0.00445525     -0.00057208
      0.63904521      0.41288849     -0.00041588     -0.15725757      0.00006233      0.12707626      0.00031506     -0.15741377     -0.00057208      0.41314122
 Orthognalized HF density USING XT*S*P*S*X:
      1.00000000      0.64721360      0.00000000     -0.24721360      0.00000000      0.20000000      0.00000000     -0.24721360     -0.00000000      0.64721360
      0.64721360      1.00000000      0.64721360      0.00000000     -0.24721360      0.00000000      0.20000000     -0.00000000     -0.24721360     -0.00000000
      0.00000000      0.64721360      1.00000000      0.64721360     -0.00000000     -0.24721360      0.00000000      0.20000000      0.00000000     -0.24721360
     -0.24721360     -0.00000000      0.64721360      1.00000000      0.64721360     -0.00000000     -0.24721360      0.00000000      0.20000000      0.00000000
      0.00000000     -0.24721360     -0.00000000      0.64721360      1.00000000      0.64721360     -0.00000000     -0.24721360      0.00000000      0.20000000
      0.20000000      0.00000000     -0.24721360     -0.00000000      0.64721360      1.00000000      0.64721360     -0.00000000     -0.24721360      0.00000000
      0.00000000      0.20000000      0.00000000     -0.24721360     -0.00000000      0.64721360      1.00000000      0.64721360      0.00000000     -0.24721360
     -0.24721360     -0.00000000      0.20000000      0.00000000     -0.24721360     -0.00000000      0.64721360      1.00000000      0.64721360      0.00000000
     -0.00000000     -0.24721360      0.00000000      0.20000000      0.00000000     -0.24721360      0.00000000      0.64721360      1.00000000      0.64721360
      0.64721360     -0.00000000     -0.24721360      0.00000000      0.20000000      0.00000000     -0.24721360      0.00000000      0.64721360      1.00000000
 Orthognalized HF density USING C':
      1.00000000      0.64721360      0.00000000     -0.24721360     -0.00000000      0.20000000     -0.00000000     -0.24721360      0.00000000      0.64721360
      0.64721360      1.00000000      0.64721360     -0.00000000     -0.24721360      0.00000000      0.20000000     -0.00000000     -0.24721360      0.00000000
      0.00000000      0.64721360      1.00000000      0.64721360     -0.00000000     -0.24721360      0.00000000      0.20000000      0.00000000     -0.24721360
     -0.24721360     -0.00000000      0.64721360      1.00000000      0.64721360     -0.00000000     -0.24721360      0.00000000      0.20000000      0.00000000
     -0.00000000     -0.24721360     -0.00000000      0.64721360      1.00000000      0.64721360     -0.00000000     -0.24721360      0.00000000      0.20000000
      0.20000000      0.00000000     -0.24721360     -0.00000000      0.64721360      1.00000000      0.64721360     -0.00000000     -0.24721360      0.00000000
     -0.00000000      0.20000000      0.00000000     -0.24721360     -0.00000000      0.64721360      1.00000000      0.64721360      0.00000000     -0.24721360
     -0.24721360     -0.00000000      0.20000000      0.00000000     -0.24721360     -0.00000000      0.64721360      1.00000000      0.64721360      0.00000000
      0.00000000     -0.24721360      0.00000000      0.20000000      0.00000000     -0.24721360      0.00000000      0.64721360      1.00000000      0.64721360
      0.64721360      0.00000000     -0.24721360      0.00000000      0.20000000      0.00000000     -0.24721360      0.00000000      0.64721360      1.00000000
 OEP Calculation:
 OEP Step:           0
 Ws =   0.58766033546011043     
 integral(V*(p-pin)) =   -5.9431659457920760E-003
 Kinetic Energy =   0.59360350140590246     
 delta_OEP =    4.7259923682715368E-004
 Initial Density Matrix AO orthogonalized
      1.00000000      0.64721360      0.00000000     -0.24721360      0.00000000      0.20000000      0.00000000     -0.24721360     -0.00000000      0.64721360
      0.64721360      1.00000000      0.64721360      0.00000000     -0.24721360      0.00000000      0.20000000     -0.00000000     -0.24721360     -0.00000000
      0.00000000      0.64721360      1.00000000      0.64721360     -0.00000000     -0.24721360      0.00000000      0.20000000      0.00000000     -0.24721360
     -0.24721360     -0.00000000      0.64721360      1.00000000      0.64721360     -0.00000000     -0.24721360      0.00000000      0.20000000      0.00000000
      0.00000000     -0.24721360     -0.00000000      0.64721360      1.00000000      0.64721360     -0.00000000     -0.24721360      0.00000000      0.20000000
      0.20000000      0.00000000     -0.24721360     -0.00000000      0.64721360      1.00000000      0.64721360     -0.00000000     -0.24721360      0.00000000
      0.00000000      0.20000000      0.00000000     -0.24721360     -0.00000000      0.64721360      1.00000000      0.64721360      0.00000000     -0.24721360
     -0.24721360     -0.00000000      0.20000000      0.00000000     -0.24721360     -0.00000000      0.64721360      1.00000000      0.64721360      0.00000000
     -0.00000000     -0.24721360      0.00000000      0.20000000      0.00000000     -0.24721360      0.00000000      0.64721360      1.00000000      0.64721360
      0.64721360     -0.00000000     -0.24721360      0.00000000      0.20000000      0.00000000     -0.24721360      0.00000000      0.64721360      1.00000000
 ===============================
 ===============================
 OEP Step:           1
 Gradient:
   4.7259923682715366E-003
   0.0000000000000000     
   0.0000000000000000     
   0.0000000000000000     
   0.0000000000000000     
   0.0000000000000000     
   0.0000000000000000     
   0.0000000000000000     
   0.0000000000000000     
   0.0000000000000000     
   0.0000000000000000     
   0.0000000000000000     
   0.0000000000000000     
   0.0000000000000000     
   0.0000000000000000     
   0.0000000000000000     
   0.0000000000000000     
   0.0000000000000000     
   0.0000000000000000     
   0.0000000000000000     
   0.0000000000000000     
   0.0000000000000000     
   0.0000000000000000     
   0.0000000000000000     
   0.0000000000000000     
   0.0000000000000000     
   0.0000000000000000     
   0.0000000000000000     
   0.0000000000000000     
   0.0000000000000000     
   0.0000000000000000     
   0.0000000000000000     
   0.0000000000000000     
   0.0000000000000000     
   0.0000000000000000     
   0.0000000000000000     
   0.0000000000000000     
   0.0000000000000000     
   0.0000000000000000     
   0.0000000000000000     
   0.0000000000000000     
   0.0000000000000000     
   0.0000000000000000     
   0.0000000000000000     
   0.0000000000000000     
   0.0000000000000000     
   0.0000000000000000     
   0.0000000000000000     
   0.0000000000000000     
   0.0000000000000000     
   0.0000000000000000     
   0.0000000000000000     
   0.0000000000000000     
   0.0000000000000000     
   0.0000000000000000     
   0.0000000000000000     
   0.0000000000000000     
   0.0000000000000000     
   0.0000000000000000     
   0.0000000000000000     
   0.0000000000000000     
   0.0000000000000000     
   0.0000000000000000     
   0.0000000000000000     
   0.0000000000000000     
   0.0000000000000000     
   0.0000000000000000     
   0.0000000000000000     
   0.0000000000000000     
   0.0000000000000000     
   0.0000000000000000     
   0.0000000000000000     
   0.0000000000000000     
   0.0000000000000000     
   0.0000000000000000     
   0.0000000000000000     
   0.0000000000000000     
   0.0000000000000000     
   0.0000000000000000     
   0.0000000000000000     
   0.0000000000000000     
   0.0000000000000000     
   0.0000000000000000     
   0.0000000000000000     
   0.0000000000000000     
   0.0000000000000000     
   0.0000000000000000     
   0.0000000000000000     
   0.0000000000000000     
   0.0000000000000000     
   0.0000000000000000     
   0.0000000000000000     
   0.0000000000000000     
   0.0000000000000000     
   0.0000000000000000     
   0.0000000000000000     
   0.0000000000000000     
   0.0000000000000000     
   0.0000000000000000     
   0.0000000000000000     
 direction_column:
   4.7259923682715366E-003
   0.0000000000000000     
   0.0000000000000000     
   0.0000000000000000     
   0.0000000000000000     
   0.0000000000000000     
   0.0000000000000000     
   0.0000000000000000     
   0.0000000000000000     
   0.0000000000000000     
   0.0000000000000000     
   0.0000000000000000     
   0.0000000000000000     
   0.0000000000000000     
   0.0000000000000000     
   0.0000000000000000     
   0.0000000000000000     
   0.0000000000000000     
   0.0000000000000000     
   0.0000000000000000     
   0.0000000000000000     
   0.0000000000000000     
   0.0000000000000000     
   0.0000000000000000     
   0.0000000000000000     
   0.0000000000000000     
   0.0000000000000000     
   0.0000000000000000     
   0.0000000000000000     
   0.0000000000000000     
   0.0000000000000000     
   0.0000000000000000     
   0.0000000000000000     
   0.0000000000000000     
   0.0000000000000000     
   0.0000000000000000     
   0.0000000000000000     
   0.0000000000000000     
   0.0000000000000000     
   0.0000000000000000     
   0.0000000000000000     
