 #BASIS SET: 6-31g                                                     
 Overlap matrix
      1.00000003      0.65829206      0.18845266      0.36877725
      0.65829206      1.00000000      0.36877725      0.70074057
      0.18845266      0.36877725      1.00000003      0.65829206
      0.36877725      0.70074057      0.65829206      1.00000000
 ****************************************
   ************************************  
 Kinetic matrix
      1.39567832      0.25973509     -0.01534261      0.08900851
      0.25973509      0.24191670      0.08900851      0.12933112
     -0.01534261      0.08900851      1.39567832      0.25973509
      0.08900851      0.12933112      0.25973509      0.24191670
 ****************************************
   ************************************  
 Potential matrix
     -2.12917582     -1.05360065     -0.34514276     -0.60528170
     -1.05360065     -1.07339333     -0.60528170     -0.80213560
     -0.34514276     -0.60528170     -2.12917582     -1.05360065
     -0.60528170     -0.80213560     -1.05360065     -1.07339333
 ****************************************
   ************************************  
 Initial Density Matrix
    0.0000000000    0.0000000000    0.0000000000    0.0000000000
    0.0000000000    0.0000000000    0.0000000000    0.0000000000
    0.0000000000    0.0000000000    0.0000000000    0.0000000000
    0.0000000000    0.0000000000    0.0000000000    0.0000000000
 **********************************************
 Step           0
 Electronic Energy =    0.0000000000000000     

 Delta in Density =   0.26851059626100632     
 Electronic Energy =   -2.1191806003325104     

 Delta in Energy=    2.1191806003325104     
 *********************************************
 Step           1
 Electronic Energy =   -1.5201787069634545     

 Delta in Density =    8.5549481917976566E-002
 Electronic Energy =   -1.5229177466649990     

 Delta in Energy=    2.7390397015445433E-003
 *********************************************
 Step           2
 Electronic Energy =   -1.5489235753801163     

 Delta in Density =    1.3200529716513905E-002
 Electronic Energy =   -1.5459827639485642     

 Delta in Energy=    2.9408114315521150E-003
 *********************************************
 Step           3
 Electronic Energy =   -1.5496333743846940     

 Delta in Density =    2.0657115372420343E-003
 Electronic Energy =   -1.5490904945528627     

 Delta in Energy=    5.4287983183121113E-004
 *********************************************
 Step           4
 Electronic Energy =   -1.5496507656891314     

 Delta in Density =    3.2318717824598027E-004
 Electronic Energy =   -1.5495638120861597     

 Delta in Energy=    8.6953602971728827E-005
 *********************************************
 Step           5
 Electronic Energy =   -1.5496511913684241     

 Delta in Density =    5.0558892042080217E-005
 Electronic Energy =   -1.5496375391149941     

 Delta in Energy=    1.3652253429974337E-005
 *********************************************
 Step           6
 Electronic Energy =   -1.5496512017859625     

 Delta in Density =    7.9092246451878922E-006
 Electronic Energy =   -1.5496490648756471     

 Delta in Energy=    2.1369103153645597E-006
 *********************************************
 Step           7
 Electronic Energy =   -1.5496512020409017     

 Delta in Density =    1.2372833054935304E-006
 Electronic Energy =   -1.5496508677227601     

 Delta in Energy=    3.3431814161488660E-007
 *********************************************
 Step           8
 Electronic Energy =   -1.5496512020471409     

 Delta in Density =    1.9355492205095959E-007
 Electronic Energy =   -1.5496511497472216     

 Delta in Energy=    5.2299919284237717E-008
 *********************************************
 Step           9
 Electronic Energy =   -1.5496512020472937     

 Delta in Density =    3.0278841657302082E-008
 Electronic Energy =   -1.5496511938657174     

 Delta in Energy=    8.1815763053327828E-009
 *********************************************
 Step          10
 Electronic Energy =   -1.5496512020472974     

 Delta in Density =    4.7366826225631216E-009
 Electronic Energy =   -1.5496512007674084     

 Delta in Energy=    1.2798890836052124E-009
 *********************************************
 Step          11
 Electronic Energy =   -1.5496512020472970     

 Delta in Density =    7.4098492107231265E-010
 Electronic Energy =   -1.5496512018470774     

 Delta in Energy=    2.0021961866234506E-010
 *********************************************
 Step          12
 Electronic Energy =   -1.5496512020472972     

 Delta in Density =    1.1591623564124008E-010
 Electronic Energy =   -1.5496512020159761     

 Delta in Energy=    3.1321167881515066E-011
 *********************************************
 Step          13
 Electronic Energy =   -1.5496512020472970     

 Delta in Density =    1.8133471130639820E-011
 Electronic Energy =   -1.5496512020423978     

 Delta in Energy=    4.8991921630658908E-012
 *********************************************
 Step          14
 Electronic Energy =   -1.5496512020472974     

 Delta in Density =    2.8367232271212618E-012
 Electronic Energy =   -1.5496512020465307     

 Delta in Energy=    7.6672002080613311E-013
 *********************************************
 Step          15
 Electronic Energy =   -1.5496512020472974     

 Delta in Density =    4.4378663648480488E-013
 Electronic Energy =   -1.5496512020471773     

 Delta in Energy=    1.2012613126444194E-013
 *********************************************
 Step          16
 Electronic Energy =   -1.5496512020472974     

 Delta in Density =    6.9431585698296845E-014
 Electronic Energy =   -1.5496512020472792     

 Delta in Energy=    1.8207657603852567E-014
 *********************************************
 Step          17
 Electronic Energy =   -1.5496512020472979     

 Delta in Density =    1.0811650001135660E-014
 Electronic Energy =   -1.5496512020472946     

 Delta in Energy=    3.3306690738754696E-015
 *********************************************
 Step          18
 Electronic Energy =   -1.5496512020472972     

 Delta in Density =    1.7285061878184894E-015
 Electronic Energy =   -1.5496512020472977     

 Delta in Energy=    4.4408920985006262E-016
 *********************************************
 Step          19
 Electronic Energy =   -1.5496512020472977     

 Delta in Density =    3.1888728582940721E-016
 Electronic Energy =   -1.5496512020472970     

 Delta in Energy=    6.6613381477509392E-016
 *********************************************
 Hartree-Fock Calculation: 
 HF Electronic Energy =   -1.5496512020472970     
 Total Energy =   -1.0734607258568207     
 *********************************************
 ****************************************
   ************************************  
 Slater coefficients:
      0.98084774     -0.00000000     -0.02312060     -0.00000000
     -0.00000000     -0.16677514     -0.00000000      0.08579861
     -0.02312060     -0.00000000     -0.03074298      0.00000000
     -0.00000000      0.08579861      0.00000000     -0.03581431
 ****************************************
   ************************************  
 CI Vector:
      0.98084774
     -0.00000000
     -0.02312060
     -0.00000000
     -0.16677514
     -0.03074298
     -0.03581431
     -0.00000000
      0.08579861
      0.00000000
 ****************************************
   ************************************  
 FCI Density matrix MO basis:
      1.92465915     -0.00000000     -0.03106601     -0.00000000
     -0.00000000      0.06298930      0.00000000     -0.02458171
     -0.03106601      0.00000000      0.00242482     -0.00000000
     -0.00000000     -0.02458171     -0.00000000      0.00992673
 ****************************************
   ************************************  
 FCI Density matrix AO basis:
      0.18003288      0.21021085      0.14070988      0.16638157
      0.21021085      0.25316128      0.16638157      0.20094874
      0.14070988      0.16638157      0.18003288      0.21021085
      0.16638157      0.20094874      0.21021085      0.25316128
 ****************************************
   ************************************  
 OEP Calculation:
 OEP Step:           0
 Ws =   0.89037098232178202     
 integral(V*(p-pin)) =    2.3959479686197535E-002
 Kinetic Energy =   0.86641150263558453     
 delta_OEP =    3.1220287410969438E-002
 Initial Density Matrix
      0.14881260      0.19315236      0.14881260      0.19315236
      0.19315236      0.25070346      0.19315236      0.25070346
      0.14881260      0.19315236      0.14881260      0.19315236
      0.19315236      0.25070346      0.19315236      0.25070346
 Initial Hessian_inv
      1.00000000      0.00000000      0.00000000      0.00000000      0.00000000      0.00000000      0.00000000      0.00000000      0.00000000      0.00000000
      0.00000000      1.00000000      0.00000000      0.00000000      0.00000000      0.00000000      0.00000000      0.00000000      0.00000000      0.00000000
      0.00000000      0.00000000      1.00000000      0.00000000      0.00000000      0.00000000      0.00000000      0.00000000      0.00000000      0.00000000
      0.00000000      0.00000000      0.00000000      1.00000000      0.00000000      0.00000000      0.00000000      0.00000000      0.00000000      0.00000000
      0.00000000      0.00000000      0.00000000      0.00000000      1.00000000      0.00000000      0.00000000      0.00000000      0.00000000      0.00000000
      0.00000000      0.00000000      0.00000000      0.00000000      0.00000000      1.00000000      0.00000000      0.00000000      0.00000000      0.00000000
      0.00000000      0.00000000      0.00000000      0.00000000      0.00000000      0.00000000      1.00000000      0.00000000      0.00000000      0.00000000
      0.00000000      0.00000000      0.00000000      0.00000000      0.00000000      0.00000000      0.00000000      1.00000000      0.00000000      0.00000000
      0.00000000      0.00000000      0.00000000      0.00000000      0.00000000      0.00000000      0.00000000      0.00000000      1.00000000      0.00000000
      0.00000000      0.00000000      0.00000000      0.00000000      0.00000000      0.00000000      0.00000000      0.00000000      0.00000000      1.00000000
 -------------------------------
 -------------------------------
 OEP Step:           1
 Gradient:
  -3.1220287410969438E-002
   0.0000000000000000     
   0.0000000000000000     
   0.0000000000000000     
   0.0000000000000000     
   0.0000000000000000     
   0.0000000000000000     
   0.0000000000000000     
   0.0000000000000000     
   0.0000000000000000     
 direction_column:
  -3.1220287410969438E-002
   0.0000000000000000     
   0.0000000000000000     
   0.0000000000000000     
   0.0000000000000000     
   0.0000000000000000     
   0.0000000000000000     
   0.0000000000000000     
   0.0000000000000000     
   0.0000000000000000     
 Upper-Triangular direction matrix:
     -0.03122029      0.00000000      0.00000000      0.00000000
      0.00000000      0.00000000      0.00000000      0.00000000
      0.00000000      0.00000000      0.00000000      0.00000000
      0.00000000      0.00000000      0.00000000      0.00000000
 Symmetric Potential Matrix:
     -1.30990575     -0.66506270     -0.34674445     -0.47321753
     -0.66506270     -0.53941663     -0.47321753     -0.47855810
     -0.34674445     -0.47321753     -1.27868547     -0.66506270
     -0.47321753     -0.47855810     -0.66506270     -0.53941663
 Hessian_inv*Grad:
     -0.03122029      0.00000000      0.00000000      0.00000000
      0.00000000      0.00000000      0.00000000      0.00000000
      0.00000000      0.00000000      0.00000000      0.00000000
      0.00000000      0.00000000      0.00000000      0.00000000

 Fock Matrix
      0.08577257     -0.40532761     -0.36208706     -0.38420902
     -0.40532761     -0.29749993     -0.38420902     -0.34922698
     -0.36208706     -0.38420902      0.11699285     -0.40532761
     -0.38420902     -0.34922698     -0.40532761     -0.29749993
 Transformed Fock Matrix
      0.81140149     -0.01978868     -0.42171492     -0.00607142
     -0.01978868      0.93004607      0.01859868     -0.00384310
     -0.42171492      0.01859868      0.40149861      0.00570631
     -0.00607142     -0.00384310      0.00570631     -0.50596489
 ********************
 delta density
   7.4617706592188526E-002
   13.298061017614570     
   19.743672603461683     
   34.918961402936098     
 ********************
 Old C Matrix
    0.2830784081    0.1935404881   -1.0469912254    0.7790884017
    0.3468839509    1.0802606803    0.9028767199   -1.0313806208
    0.2721992484   -0.1830366569   -0.7169677832   -1.0950447564
    0.3535981735   -1.0913627148    0.4793141393    1.2729405647
 New C Matrix
    0.2830784081    0.1935404881   -1.0469912254    0.7790884017
    0.3468839509    1.0802606803    0.9028767199   -1.0313806208
    0.2721992484   -0.1830366569   -0.7169677832   -1.0950447564
    0.3535981735   -1.0913627148    0.4793141393    1.2729405647
 New Density Matrix
  0.1602667702723958  0.1963907132248484  0.1541074598319627  0.2001920161252121
  0.1963907132248484  0.2406569507541127  0.1888431014004261  0.2453150628912529
  0.1541074598319627  0.1888431014004261  0.1481848616247464  0.1924983141000472
  0.2001920161252121  0.2453150628912529  0.1924983141000472  0.2500633365991027
 Ws =   0.89117004950032652     
 integral(V*(p-pin)) =    1.1961317483786406E-002
 delta_OEP =    1.9766113668423513E-002
 Kinetic Energy =   0.87920873201654015     
 Updated Hessian_inv
      1.00000000      0.00000000      0.00000000      0.00000000      0.00000000      0.00000000      0.00000000      0.00000000      0.00000000      0.00000000
      0.00000000      1.00000000      0.00000000      0.00000000      0.00000000      0.00000000      0.00000000      0.00000000      0.00000000      0.00000000
      0.00000000      0.00000000      1.00000000      0.00000000      0.00000000      0.00000000      0.00000000      0.00000000      0.00000000      0.00000000
      0.00000000      0.00000000      0.00000000      1.00000000      0.00000000      0.00000000      0.00000000      0.00000000      0.00000000      0.00000000
      0.00000000      0.00000000      0.00000000      0.00000000      1.00000000      0.00000000      0.00000000      0.00000000      0.00000000      0.00000000
      0.00000000      0.00000000      0.00000000      0.00000000      0.00000000      1.00000000      0.00000000      0.00000000      0.00000000      0.00000000
      0.00000000      0.00000000      0.00000000      0.00000000      0.00000000      0.00000000      1.00000000      0.00000000      0.00000000      0.00000000
      0.00000000      0.00000000      0.00000000      0.00000000      0.00000000      0.00000000      0.00000000      1.00000000      0.00000000      0.00000000
      0.00000000      0.00000000      0.00000000      0.00000000      0.00000000      0.00000000      0.00000000      0.00000000      1.00000000      0.00000000
      0.00000000      0.00000000      0.00000000      0.00000000      0.00000000      0.00000000      0.00000000      0.00000000      0.00000000      1.00000000
 ****************************************
   ************************************  
 OEP Step:           2
 Gradient:
  -1.9766113668423513E-002
   0.0000000000000000     
   0.0000000000000000     
   0.0000000000000000     
   0.0000000000000000     
   0.0000000000000000     
   0.0000000000000000     
   0.0000000000000000     
   0.0000000000000000     
   0.0000000000000000     
 direction_column:
  -1.9766113668423513E-002
   0.0000000000000000     
   0.0000000000000000     
   0.0000000000000000     
   0.0000000000000000     
   0.0000000000000000     
   0.0000000000000000     
   0.0000000000000000     
   0.0000000000000000     
   0.0000000000000000     
 Upper-Triangular direction matrix:
     -0.01976611      0.00000000      0.00000000      0.00000000
      0.00000000      0.00000000      0.00000000      0.00000000
      0.00000000      0.00000000      0.00000000      0.00000000
      0.00000000      0.00000000      0.00000000      0.00000000
 Symmetric Potential Matrix:
     -1.32967187     -0.66506270     -0.34674445     -0.47321753
     -0.66506270     -0.53941663     -0.47321753     -0.47855810
     -0.34674445     -0.47321753     -1.27868547     -0.66506270
     -0.47321753     -0.47855810     -0.66506270     -0.53941663
 Hessian_inv*Grad:
     -0.01976611      0.00000000      0.00000000      0.00000000
      0.00000000      0.00000000      0.00000000      0.00000000
      0.00000000      0.00000000      0.00000000      0.00000000
      0.00000000      0.00000000      0.00000000      0.00000000

 Fock Matrix
      0.06600645     -0.40532761     -0.36208706     -0.38420902
     -0.40532761     -0.29749993     -0.38420902     -0.34922698
     -0.36208706     -0.38420902      0.11699285     -0.40532761
     -0.38420902     -0.34922698     -0.40532761     -0.29749993
 Transformed Fock Matrix
      0.80152754     -0.03231724     -0.41243474     -0.00991535
     -0.03231724      0.91414921      0.03037383     -0.00872047
     -0.41243474      0.03037383      0.39277650      0.00931908
     -0.00991535     -0.00872047      0.00931908     -0.50746133
 ********************
 delta density
  0.12444578527881245     
   13.265634574885517     
   18.908857002179310     
   33.473915664822179     
 ********************
 Old C Matrix
    0.2899829913    0.2011249249    1.1149305132    0.6731636127
    0.3420545590    1.0714790695   -1.0057360523   -0.9432127248
    0.2718033174   -0.1833205622    0.6077400221   -1.1592796311
    0.3532895777   -1.0903094119   -0.3496974233    1.3154267527
 New C Matrix
    0.2899829913    0.2011249249    1.1149305132    0.6731636127
    0.3420545590    1.0714790695   -1.0057360523   -0.9432127248
    0.2718033174   -0.1833205622    0.6077400221   -1.1592796311
    0.3532895777   -1.0903094119   -0.3496974233    1.3154267527
 New Density Matrix
  0.1681802704886861  0.1983800084256705  0.1576366780698935  0.2048959370574385
  0.1983800084256705  0.2340026426917690  0.1859431277689847  0.2416886213925713
  0.1576366780698935  0.1859431277689847  0.1477540867350603  0.1920505584507632
  0.2048959370574385  0.2416886213925713  0.1920505584507632  0.2496270513815712
 Ws =   0.89148343540361230     
 integral(V*(p-pin)) =    3.4709599920436790E-003
 delta_OEP =    1.1852613452133176E-002
 Kinetic Energy =   0.88801247541156858     
 Updated Hessian_inv
     -1.72566910      0.00000000      0.00000000      0.00000000      0.00000000      0.00000000      0.00000000      0.00000000      0.00000000      0.00000000
      0.00000000      1.00000000      0.00000000      0.00000000      0.00000000      0.00000000      0.00000000      0.00000000      0.00000000      0.00000000
      0.00000000      0.00000000      1.00000000      0.00000000      0.00000000      0.00000000      0.00000000      0.00000000      0.00000000      0.00000000
      0.00000000      0.00000000      0.00000000      1.00000000      0.00000000      0.00000000      0.00000000      0.00000000      0.00000000      0.00000000
      0.00000000      0.00000000      0.00000000      0.00000000      1.00000000      0.00000000      0.00000000      0.00000000      0.00000000      0.00000000
      0.00000000      0.00000000      0.00000000      0.00000000      0.00000000      1.00000000      0.00000000      0.00000000      0.00000000      0.00000000
      0.00000000      0.00000000      0.00000000      0.00000000      0.00000000      0.00000000      1.00000000      0.00000000      0.00000000      0.00000000
      0.00000000      0.00000000      0.00000000      0.00000000      0.00000000      0.00000000      0.00000000      1.00000000      0.00000000      0.00000000
      0.00000000      0.00000000      0.00000000      0.00000000      0.00000000      0.00000000      0.00000000      0.00000000      1.00000000      0.00000000
      0.00000000      0.00000000      0.00000000      0.00000000      0.00000000      0.00000000      0.00000000      0.00000000      0.00000000      1.00000000
 ****************************************
   ************************************  
 OEP Step:           3
 Gradient:
  -1.1852613452133176E-002
   0.0000000000000000     
   0.0000000000000000     
   0.0000000000000000     
   0.0000000000000000     
   0.0000000000000000     
   0.0000000000000000     
   0.0000000000000000     
   0.0000000000000000     
   0.0000000000000000     
 direction_column:
   2.0453688762597413E-002
   0.0000000000000000     
   0.0000000000000000     
   0.0000000000000000     
   0.0000000000000000     
   0.0000000000000000     
   0.0000000000000000     
   0.0000000000000000     
   0.0000000000000000     
   0.0000000000000000     
 Upper-Triangular direction matrix:
      0.02045369      0.00000000      0.00000000      0.00000000
      0.00000000      0.00000000      0.00000000      0.00000000
      0.00000000      0.00000000      0.00000000      0.00000000
      0.00000000      0.00000000      0.00000000      0.00000000
 Symmetric Potential Matrix:
     -1.30921818     -0.66506270     -0.34674445     -0.47321753
     -0.66506270     -0.53941663     -0.47321753     -0.47855810
     -0.34674445     -0.47321753     -1.27868547     -0.66506270
     -0.47321753     -0.47855810     -0.66506270     -0.53941663
 Hessian_inv*Grad:
      0.02045369      0.00000000      0.00000000      0.00000000
      0.00000000      0.00000000      0.00000000      0.00000000
      0.00000000      0.00000000      0.00000000      0.00000000
      0.00000000      0.00000000      0.00000000      0.00000000

 Fock Matrix
      0.08646014     -0.40532761     -0.36208706     -0.38420902
     -0.40532761     -0.29749993     -0.38420902     -0.34922698
     -0.36208706     -0.38420902      0.11699285     -0.40532761
     -0.38420902     -0.34922698     -0.40532761     -0.29749993
 Transformed Fock Matrix
      0.81174496     -0.01935287     -0.42203773     -0.00593771
     -0.01935287      0.93059906      0.01818907     -0.00367344
     -0.42203773      0.01818907      0.40180201      0.00558064
     -0.00593771     -0.00367344      0.00558064     -0.50591284
 ********************
 delta density
   7.2921502805187444E-002
   13.299119969555079     
   19.768695259767131     
   34.960982128015850     
 ********************
 Old C Matrix
    0.2828437180    0.1932865229   -1.0442282631    0.7829353454
    0.3470477253    1.0805537013    0.8988843096   -1.0345011077
    0.2722125653   -0.1830270801   -0.7209475344   -1.0924269903
    0.3536085850   -1.0913971984    0.4840774881    1.2711042752
 New C Matrix
    0.2828437180    0.1932865229   -1.0442282631    0.7829353454
    0.3470477253    1.0805537013    0.8988843096   -1.0345011077
    0.2722125653   -0.1830270801   -0.7209475344   -1.0924269903
    0.3536085850   -1.0913971984    0.4840774881    1.2711042752
 New Density Matrix
  0.1600011376743744  0.1963205379398903  0.1539872281371173  0.2000319338407745
  0.1963205379398903  0.2408842473073284  0.1889415031865316  0.2454381101758058
  0.1539872281371173  0.1889415031865316  0.1481993614171052  0.1925134000842881
  0.2000319338407745  0.2454381101758058  0.1925134000842881  0.2500780628042270
 Symmetric Potential Matrix:
     -1.31944502     -0.66506270     -0.34674445     -0.47321753
     -0.66506270     -0.53941663     -0.47321753     -0.47855810
     -0.34674445     -0.47321753     -1.27868547     -0.66506270
     -0.47321753     -0.47855810     -0.66506270     -0.53941663
 Hessian_inv*Grad:
      0.02045369      0.00000000      0.00000000      0.00000000
      0.00000000      0.00000000      0.00000000      0.00000000
      0.00000000      0.00000000      0.00000000      0.00000000
      0.00000000      0.00000000      0.00000000      0.00000000

 Fock Matrix
      0.07623330     -0.40532761     -0.36208706     -0.38420902
     -0.40532761     -0.29749993     -0.38420902     -0.34922698
     -0.36208706     -0.38420902      0.11699285     -0.40532761
     -0.38420902     -0.34922698     -0.40532761     -0.29749993
 Transformed Fock Matrix
      0.80663625     -0.02583505     -0.41723624     -0.00792653
     -0.02583505      0.92237413      0.02428145     -0.00619696
     -0.41723624      0.02428145      0.39728926      0.00744986
     -0.00792653     -0.00619696      0.00744986     -0.50668708
 ********************
 delta density
   9.8405389119371606E-002
   13.282903102499501     
   19.360652494745580     
   34.269764682665219     
 ********************
 Old C Matrix
    0.2863721262   -0.1971311264   -1.0825290124   -0.7266511755
    0.3445828591   -1.0761107116    0.9554188216    0.9882546401
    0.2720113771    0.1831715700   -0.6628123215    1.1286711135
    0.3534515157    1.0908697267    0.4148054329   -1.2958532661
 New C Matrix
    0.2863721262   -0.1971311264   -1.0825290124   -0.7266511755
    0.3445828591   -1.0761107116    0.9554188216    0.9882546401
    0.2720113771    0.1831715700   -0.6628123215    1.1286711135
    0.3534515157    1.0908697267    0.4148054329   -1.2958532661
 New Density Matrix
  0.1640179892756234  0.1973578519932725  0.1557929527828115  0.2024373241139447
  0.1973578519932725  0.2374746935712330  0.1874609160415714  0.2435866676993330
  0.1557929527828115  0.1874609160415714  0.1479803785181177  0.1922856670567035
  0.2024373241139447  0.2435866676993330  0.1922856670567035  0.2498559479689033
 Symmetric Potential Matrix:
     -1.32455845     -0.66506270     -0.34674445     -0.47321753
     -0.66506270     -0.53941663     -0.47321753     -0.47855810
     -0.34674445     -0.47321753     -1.27868547     -0.66506270
     -0.47321753     -0.47855810     -0.66506270     -0.53941663
 Hessian_inv*Grad:
      0.02045369      0.00000000      0.00000000      0.00000000
      0.00000000      0.00000000      0.00000000      0.00000000
      0.00000000      0.00000000      0.00000000      0.00000000
      0.00000000      0.00000000      0.00000000      0.00000000

 Fock Matrix
      0.07111988     -0.40532761     -0.36208706     -0.38420902
     -0.40532761     -0.29749993     -0.38420902     -0.34922698
     -0.36208706     -0.38420902      0.11699285     -0.40532761
     -0.38420902     -0.34922698     -0.40532761     -0.29749993
 Transformed Fock Matrix
      0.80408190     -0.02907615     -0.41483549     -0.00892094
     -0.02907615      0.91826167      0.02732764     -0.00745871
     -0.41483549      0.02732764      0.39503288      0.00838447
     -0.00892094     -0.00745871      0.00838447     -0.50707421
 ********************
 delta density
  0.11135505020692529     
   13.274405508222024     
   19.133667066927966     
   33.881404351285155     
 ********************
 Old C Matrix
    0.2881670876    0.1991088643   -1.0994486154   -0.6994918163
    0.3433267786    1.0738191830    0.9813532067    0.9655096779
    0.2719082252   -0.1832454921   -0.6348278072    1.1446577354
    0.3533711681   -1.0905938355    0.3816685840   -1.3062491970
 New C Matrix
    0.2881670876    0.1991088643   -1.0994486154   -0.6994918163
    0.3433267786    1.0738191830    0.9813532067    0.9655096779
    0.2719082252   -0.1832454921   -0.6348278072    1.1446577354
    0.3533711681   -1.0905938355    0.3816685840   -1.3062491970
 New Density Matrix
  0.1660805407040706  0.1978709557378763  0.1567100026762916  0.2036598806643619
  0.1978709557378763  0.2357465538023804  0.1867067500610742  0.2426435695698058
  0.1567100026762916  0.1867067500610742  0.1478681658591289  0.1921690542953725
  0.2036598806643619  0.2426435695698058  0.1921690542953725  0.2497423648573509
 Symmetric Potential Matrix:
     -1.32711516     -0.66506270     -0.34674445     -0.47321753
     -0.66506270     -0.53941663     -0.47321753     -0.47855810
     -0.34674445     -0.47321753     -1.27868547     -0.66506270
     -0.47321753     -0.47855810     -0.66506270     -0.53941663
 Hessian_inv*Grad:
      0.02045369      0.00000000      0.00000000      0.00000000
      0.00000000      0.00000000      0.00000000      0.00000000
      0.00000000      0.00000000      0.00000000      0.00000000
      0.00000000      0.00000000      0.00000000      0.00000000

 Fock Matrix
      0.06856316     -0.40532761     -0.36208706     -0.38420902
     -0.40532761     -0.29749993     -0.38420902     -0.34922698
     -0.36208706     -0.38420902      0.11699285     -0.40532761
     -0.38420902     -0.34922698     -0.40532761     -0.29749993
 Transformed Fock Matrix
      0.80280472     -0.03069669     -0.41363512     -0.00941814
     -0.03069669      0.91620544      0.02885074     -0.00808959
     -0.41363512      0.02885074      0.39390469      0.00885178
     -0.00941814     -0.00808959      0.00885178     -0.50726777
 ********************
 delta density
  0.11788266033840172     
   13.270054887507326     
   19.016164900883375     
   33.679637653444665     
 ********************
 Old C Matrix
    0.2890724008    0.2001120383   -1.1073657377   -0.6862172480
    0.3426927041    1.0726552912    0.9937367586    0.9542974171
    0.2718559932   -0.1832828822   -0.6211653766    1.1521353863
    0.3533305298   -1.0904527112    0.3655315278   -1.3109847797
 New C Matrix
    0.2890724008    0.2001120383   -1.1073657377   -0.6862172480
    0.3426927041    1.0726552912    0.9937367586    0.9542974171
    0.2718559932   -0.1832828822   -0.6211653766    1.1521353863
    0.3533305298   -1.0904527112    0.3655315278   -1.3109847797
 New Density Matrix
  0.1671257058035021  0.1981260053957693  0.1571721292686603  0.2042762090752316
  0.1981260053957693  0.2348765788324458  0.1863261308715718  0.2421675894015494
  0.1571721292686603  0.1863261308715718  0.1478113621125950  0.1921100442623315
  0.2042762090752316  0.2421675894015494  0.1921100442623315  0.2496849266456370
 Symmetric Potential Matrix:
     -1.32839351     -0.66506270     -0.34674445     -0.47321753
     -0.66506270     -0.53941663     -0.47321753     -0.47855810
     -0.34674445     -0.47321753     -1.27868547     -0.66506270
     -0.47321753     -0.47855810     -0.66506270     -0.53941663
 Hessian_inv*Grad:
      0.02045369      0.00000000      0.00000000      0.00000000
      0.00000000      0.00000000      0.00000000      0.00000000
      0.00000000      0.00000000      0.00000000      0.00000000
      0.00000000      0.00000000      0.00000000      0.00000000

 Fock Matrix
      0.06728481     -0.40532761     -0.36208706     -0.38420902
     -0.40532761     -0.29749993     -0.38420902     -0.34922698
     -0.36208706     -0.38420902      0.11699285     -0.40532761
     -0.38420902     -0.34922698     -0.40532761     -0.29749993
 Transformed Fock Matrix
      0.80216613     -0.03150697     -0.41303493     -0.00966674
     -0.03150697      0.91517732      0.02961228     -0.00840503
     -0.41303493      0.02961228      0.39334060      0.00908543
     -0.00966674     -0.00840503      0.00908543     -0.50736455
 ********************
 delta density
  0.12115976796893974     
   13.267853529267779     
   18.956613985391009     
   33.577221549952498     
 ********************
 Old C Matrix
    0.2895270338    0.2006172592   -1.1111916658   -0.6796620948
    0.3423741426    1.0720687333    0.9997841248    0.9487382412
    0.2718297111   -0.1833016858   -0.6144223647    1.1557486436
    0.3533100932   -1.0903813361    0.3575760064   -1.3132417480
 New C Matrix
    0.2895270338    0.2006172592   -1.1111916658   -0.6796620948
    0.3423741426    1.0720687333    0.9997841248    0.9487382412
    0.2718297111   -0.1833016858   -0.6144223647    1.1557486436
    0.3533100932   -1.0903813361    0.3575760064   -1.3132417480
 New Density Matrix
  0.1676518065596560  0.1982531398929323  0.1574040998983698  0.2045856465710702
  0.1982531398929323  0.2344401070525943  0.1861349285596188  0.2419284804742495
  0.1574040998983698  0.1861349285596188  0.1477827836946084  0.1920803611453275
  0.2045856465710702  0.2419284804742495  0.1920803611453275  0.2496560439270268
 Symmetric Potential Matrix:
     -1.32903269     -0.66506270     -0.34674445     -0.47321753
     -0.66506270     -0.53941663     -0.47321753     -0.47855810
     -0.34674445     -0.47321753     -1.27868547     -0.66506270
     -0.47321753     -0.47855810     -0.66506270     -0.53941663
 Hessian_inv*Grad:
      0.02045369      0.00000000      0.00000000      0.00000000
      0.00000000      0.00000000      0.00000000      0.00000000
      0.00000000      0.00000000      0.00000000      0.00000000
      0.00000000      0.00000000      0.00000000      0.00000000

 Fock Matrix
      0.06664563     -0.40532761     -0.36208706     -0.38420902
     -0.40532761     -0.29749993     -0.38420902     -0.34922698
     -0.36208706     -0.38420902      0.11699285     -0.40532761
     -0.38420902     -0.34922698     -0.40532761     -0.29749993
 Transformed Fock Matrix
      0.80184684     -0.03191210     -0.41273484     -0.00979104
     -0.03191210      0.91466326      0.02999306     -0.00856275
     -0.41273484      0.02999306      0.39305855      0.00920226
     -0.00979104     -0.00856275      0.00920226     -0.50741294
 ********************
 delta density
  0.12280166097200665     
   13.266746262529701     
   18.927861354190195     
   33.525673786794293     
 ********************
 Old C Matrix
    0.2897548466    0.2008707854    1.1130719084    0.6764056863
    0.3422144789    1.0717742911   -1.0027719744   -0.9459711707
    0.2718165283   -0.1833111149    0.6110735286   -1.1575243505
    0.3532998453   -1.0903454430   -0.3536270297    1.3143431543
 New C Matrix
    0.2897548466    0.2008707854    1.1130719084    0.6764056863
    0.3422144789    1.0717742911   -1.0027719744   -0.9459711707
    0.2718165283   -0.1833111149    0.6110735286   -1.1575243505
    0.3532998453   -1.0903454430   -0.3536270297    1.3143431543
 New Density Matrix
  0.1679157422929870  0.1983166076764293  0.1575203129167315  0.2047406849961617
  0.1983166076764293  0.2342214990876967  0.1860391031310737  0.2418086449032301
  0.1575203129167315  0.1860391031310737  0.1477684500723628  0.1920654747850183
  0.2047406849961617  0.2418086449032301  0.1920654747850183  0.2496415614180817
 Symmetric Potential Matrix:
     -1.32935228     -0.66506270     -0.34674445     -0.47321753
     -0.66506270     -0.53941663     -0.47321753     -0.47855810
     -0.34674445     -0.47321753     -1.27868547     -0.66506270
     -0.47321753     -0.47855810     -0.66506270     -0.53941663
 Hessian_inv*Grad:
      0.02045369      0.00000000      0.00000000      0.00000000
      0.00000000      0.00000000      0.00000000      0.00000000
      0.00000000      0.00000000      0.00000000      0.00000000
      0.00000000      0.00000000      0.00000000      0.00000000

 Fock Matrix
      0.06632604     -0.40532761     -0.36208706     -0.38420902
     -0.40532761     -0.29749993     -0.38420902     -0.34922698
     -0.36208706     -0.38420902      0.11699285     -0.40532761
     -0.38420902     -0.34922698     -0.40532761     -0.29749993
 Transformed Fock Matrix
      0.80168719     -0.03211467     -0.41258479     -0.00985320
     -0.03211467      0.91440623      0.03018344     -0.00864161
     -0.41258479      0.03018344      0.39291753      0.00926067
     -0.00985320     -0.00864161      0.00926067     -0.50743713
 ********************
 delta density
  0.12362344396932956     
   13.266190972694876     
   18.918394571593478     
   33.499820274732208     
 ********************
 Old C Matrix
    0.2898688775    0.2009977783    1.1140039071    0.6747828475
    0.3421345510    1.0716267779   -1.0042569790   -0.9445908569
    0.2718099263   -0.1833158362    0.6094048494   -1.1584045351
    0.3532947140   -1.0903274447   -0.3516597972    1.3148871679
 New C Matrix
    0.2898688775    0.2009977783    1.1140039071    0.6747828475
    0.3421345510    1.0716267779   -1.0042569790   -0.9445908569
    0.2718099263   -0.1833158362    0.6094048494   -1.1584045351
    0.3532947140   -1.0903274447   -0.3516597972    1.3148871679
 New Density Matrix
  0.1680479322284173  0.1983483164644274  0.1575784764608581  0.2048182842979505
  0.1983483164644274  0.2341121019614653  0.1859911342113808  0.2417486566654766
  0.1575784764608581  0.1859911342113808  0.1477612721230867  0.1920580203696202
  0.2048182842979505  0.2417486566654766  0.1920580203696202  0.2496343098452128
 Symmetric Potential Matrix:
     -1.32951207     -0.66506270     -0.34674445     -0.47321753
     -0.66506270     -0.53941663     -0.47321753     -0.47855810
     -0.34674445     -0.47321753     -1.27868547     -0.66506270
     -0.47321753     -0.47855810     -0.66506270     -0.53941663
 Hessian_inv*Grad:
      0.02045369      0.00000000      0.00000000      0.00000000
      0.00000000      0.00000000      0.00000000      0.00000000
      0.00000000      0.00000000      0.00000000      0.00000000
      0.00000000      0.00000000      0.00000000      0.00000000

 Fock Matrix
      0.06616625     -0.40532761     -0.36208706     -0.38420902
     -0.40532761     -0.29749993     -0.38420902     -0.34922698
     -0.36208706     -0.38420902      0.11699285     -0.40532761
     -0.38420902     -0.34922698     -0.40532761     -0.29749993
 Transformed Fock Matrix
      0.80160737     -0.03221596     -0.41250977     -0.00988427
     -0.03221596      0.91427772      0.03027864     -0.00868104
     -0.41250977      0.03027864      0.39284701      0.00928988
     -0.00988427     -0.00868104      0.00928988     -0.50744923
 ********************
 delta density
  0.12403454480464007     
   13.265912912459180     
   18.913634572255511     
   33.486874264368645     
 ********************
 Old C Matrix
    0.2899259240    0.2010613324    1.1144678831    0.6739727784
    0.3420945630    1.0715529481   -1.0049972564   -0.9439015166
    0.2718066228   -0.1833181987    0.6085719531   -1.1588427180
    0.3532921464   -1.0903184326   -0.3506780019    1.3151575125
 New C Matrix
    0.2899259240    0.2010613324    1.1144678831    0.6739727784
    0.3420945630    1.0715529481   -1.0049972564   -0.9439015166
    0.2718066228   -0.1833181987    0.6085719531   -1.1588427180
    0.3532921464   -1.0903184326   -0.3506780019    1.3151575125
 New Density Matrix
  0.1681140828048502  0.1983641645526646  0.1576075725053104  0.2048571039924386
  0.1983641645526646  0.2340573800967813  0.1859671356829805  0.2417186449115613
  0.1576075725053104  0.1859671356829805  0.1477576803595422  0.1920542903487480
  0.2048571039924386  0.2417186449115613  0.1920542903487480  0.2496306814752942
 Symmetric Potential Matrix:
     -1.32959197     -0.66506270     -0.34674445     -0.47321753
     -0.66506270     -0.53941663     -0.47321753     -0.47855810
     -0.34674445     -0.47321753     -1.27868547     -0.66506270
     -0.47321753     -0.47855810     -0.66506270     -0.53941663
 Hessian_inv*Grad:
      0.02045369      0.00000000      0.00000000      0.00000000
      0.00000000      0.00000000      0.00000000      0.00000000
      0.00000000      0.00000000      0.00000000      0.00000000
      0.00000000      0.00000000      0.00000000      0.00000000

 Fock Matrix
      0.06608635     -0.40532761     -0.36208706     -0.38420902
     -0.40532761     -0.29749993     -0.38420902     -0.34922698
     -0.36208706     -0.38420902      0.11699285     -0.40532761
     -0.38420902     -0.34922698     -0.40532761     -0.29749993
 Transformed Fock Matrix
      0.80156745     -0.03226660     -0.41247225     -0.00989981
     -0.03226660      0.91421346      0.03032624     -0.00870075
     -0.41247225      0.03032624      0.39281176      0.00930448
     -0.00989981     -0.00870075      0.00930448     -0.50745528
 ********************
 delta density
  0.12424014758306598     
   13.265773778361154     
   18.911247975702249     
   33.480396526701220     
 ********************
